
include "images.txt"
include "data/Music.txt"

namespace Constants

    include "data/Stances.txt"
    int16_t Tree_X[] = { -36, 31, 70, 100, -16, 27, 65, 110 };
    //                       A  B  C  D  E  F  G  H  I  J  K  L  M  N  O  P  Q  R  S  T  U  V  W  X  Y  Z
    uint8_t Font_Width[] = { 7, 7, 7, 7, 7, 7, 7, 7, 4, 7, 7, 7, 9, 8, 7, 7, 8, 7, 7, 7, 7, 7, 9, 7, 8, 7  };

    int8_t GameOver = {14,40,-24, 21,52,-28, 4,64,-28, 17,76,-28, 6,38,-17, 0,50,-17, 12,62,-17, 4,77,-17, 14,40,-20, 21,52,-28, 4,64,-28, 17,76,-28, 6,38,-17, 0,50,-17, 12,62,-17, 4,77,-17, 14,40,-16, 21,52,-24, 4,64,-28, 17,76,-28, 6,38,-17, 0,50,-17, 12,62,-17, 4,77,-17, 14,40,-12, 21,52,-20, 4,64,-28, 17,76,-28, 6,38,-17, 0,50,-17, 12,62,-17, 4,77,-17, 14,40,-8, 21,52,-16, 4,64,-24, 17,76,-28, 6,38,-17, 0,50,-17, 12,62,-17, 4,77,-17, 14,40,-4, 21,52,-12, 4,64,-20, 17,76,-28, 6,38,-17, 0,50,-17, 12,62,-17, 4,77,-17, 14,40,0, 21,52,-8, 4,64,-16, 17,76,-24, 6,38,-17, 0,50,-17, 12,62,-17, 4,77,-17, 14,40,4, 21,52,-4, 4,64,-12, 17,76,-20, 6,38,-17, 0,50,-17, 12,62,-17, 4,77,-17, 14,40,8, 21,52,0, 4,64,-8, 17,76,-16, 6,38,-17, 0,50,-17, 12,62,-17, 4,77,-17, 14,40,12, 21,52,4, 4,64,-4, 17,76,-12, 6,38,-17, 0,50,-17, 12,62,-17, 4,77,-17, 14,40,16, 21,52,8, 4,64,0, 17,76,-8, 6,38,-17, 0,50,-17, 12,62,-17, 4,77,-17, 14,40,20, 21,52,12, 4,64,4, 17,76,-4, 6,38,-17, 0,50,-17, 12,62,-17, 4,77,-17, 14,40,24, 21,52,16, 4,64,8, 17,76,0, 6,38,-17, 0,50,-17, 12,62,-17, 4,77,-17, 14,40,28, 21,52,20, 4,64,12, 17,76,4, 6,38,-17, 0,50,-17, 12,62,-17, 4,77,-17, 14,40,32, 21,52,24, 4,64,16, 17,76,8, 6,38,-13, 0,50,-17, 12,62,-17, 4,77,-17, 14,40,29, 21,52,28, 4,64,20, 17,76,12, 6,38,-9, 0,50,-17, 12,62,-17, 4,77,-17, 14,40,27, 21,52,32, 4,64,24, 17,76,16, 6,38,-5, 0,50,-13, 12,62,-17, 4,77,-17, 14,40,26, 21,52,29, 4,64,28, 17,76,20, 6,38,-1, 0,50,-9, 12,62,-17, 4,77,-17, 14,40,26, 21,52,27, 4,64,32, 17,76,24, 6,38,3, 0,50,-5, 12,62,-13, 4,77,-17, 14,40,27, 21,52,26, 4,64,29, 17,76,28, 6,38,7, 0,50,-1, 12,62,-9, 4,77,-17, 14,40,29, 21,52,26, 4,64,27, 17,76,32, 6,38,11, 0,50,3, 12,62,-5, 4,77,-13, 14,40,32, 21,52,27, 4,64,26, 17,76,29, 6,38,15, 0,50,7, 12,62,-1, 4,77,-9, 14,40,31, 21,52,29, 4,64,26, 17,76,27, 6,38,19, 0,50,11, 12,62,3, 4,77,-5, 14,40,32, 21,52,32, 4,64,27, 17,76,26, 6,38,16, 0,50,15, 12,62,7, 4,77,-1, 14,40,32, 21,52,31, 4,64,29, 17,76,26, 6,38,14, 0,50,19, 12,62,11, 4,77,3, 14,40,32, 21,52,32, 4,64,32, 17,76,27, 6,38,13, 0,50,16, 12,62,15, 4,77,7, 14,40,32, 21,52,32, 4,64,31, 17,76,29, 6,38,13, 0,50,14, 12,62,19, 4,77,11, 14,40,32, 21,52,32, 4,64,32, 17,76,32, 6,38,14, 0,50,13, 12,62,16, 4,77,15, 14,40,32, 21,52,32, 4,64,32, 17,76,31, 6,38,16, 0,50,13, 12,62,14, 4,77,19, 14,40,32, 21,52,32, 4,64,32, 17,76,32, 6,38,19, 0,50,14, 12,62,13, 4,77,16, 14,40,32, 21,52,32, 4,64,32, 17,76,32, 6,38,18, 0,50,16, 12,62,13, 4,77,14, 14,40,32, 21,52,32, 4,64,32, 17,76,32, 6,38,19, 0,50,19, 12,62,14, 4,77,13, 14,40,32, 21,52,32, 4,64,32, 17,76,32, 6,38,19, 0,50,18, 12,62,16, 4,77,13, 14,40,32, 21,52,32, 4,64,32, 17,76,32, 6,38,19, 0,50,19, 12,62,19, 4,77,14, 14,40,32, 21,52,32, 4,64,32, 17,76,32, 6,38,19, 0,50,19, 12,62,18, 4,77,16, 14,40,32, 21,52,32, 4,64,32, 17,76,32, 6,38,19, 0,50,19, 12,62,19, 4,77,19, 14,40,32, 21,52,32, 4,64,32, 17,76,32, 6,38,19, 0,50,19, 12,62,19, 4,77,18, 14,40,32, 21,52,32, 4,64,32, 17,76,32, 6,38,19, 0,50,19, 12,62,19, 4,77,19,};

    int8_t TimesUp = {20,49,-24, 15,61,-28, 26,73,-28, 19,35,-17, 8,48,-17, 12,54,-17, 4,70,-17, 18,82,-17, 20,49,-20, 15,61,-28, 26,73,-28, 19,35,-17, 8,48,-17, 12,54,-17, 4,70,-17, 18,82,-17, 20,49,-16, 15,61,-24, 26,73,-28, 19,35,-17, 8,48,-17, 12,54,-17, 4,70,-17, 18,82,-17, 20,49,-12, 15,61,-20, 26,73,-28, 19,35,-17, 8,48,-17, 12,54,-17, 4,70,-17, 18,82,-17, 20,49,-8, 15,61,-16, 26,73,-24, 19,35,-17, 8,48,-17, 12,54,-17, 4,70,-17, 18,82,-17, 20,49,-4, 15,61,-12, 26,73,-20, 19,35,-17, 8,48,-17, 12,54,-17, 4,70,-17, 18,82,-17, 20,49,0, 15,61,-8, 26,73,-16, 19,35,-17, 8,48,-17, 12,54,-17, 4,70,-17, 18,82,-17, 20,49,4, 15,61,-4, 26,73,-12, 19,35,-17, 8,48,-17, 12,54,-17, 4,70,-17, 18,82,-17, 20,49,8, 15,61,0, 26,73,-8, 19,35,-17, 8,48,-17, 12,54,-17, 4,70,-17, 18,82,-17, 20,49,12, 15,61,4, 26,73,-4, 19,35,-17, 8,48,-17, 12,54,-17, 4,70,-17, 18,82,-17, 20,49,16, 15,61,8, 26,73,0, 19,35,-17, 8,48,-17, 12,54,-17, 4,70,-17, 18,82,-17, 20,49,20, 15,61,12, 26,73,4, 19,35,-17, 8,48,-17, 12,54,-17, 4,70,-17, 18,82,-17, 20,49,24, 15,61,16, 26,73,8, 19,35,-13, 8,48,-17, 12,54,-17, 4,70,-17, 18,82,-17, 20,49,28, 15,61,20, 26,73,12, 19,35,-9, 8,48,-17, 12,54,-17, 4,70,-17, 18,82,-17, 20,49,32, 15,61,24, 26,73,16, 19,35,-5, 8,48,-13, 12,54,-17, 4,70,-17, 18,82,-17, 20,49,29, 15,61,28, 26,73,20, 19,35,-1, 8,48,-9, 12,54,-17, 4,70,-17, 18,82,-17, 20,49,27, 15,61,32, 26,73,24, 19,35,3, 8,48,-5, 12,54,-13, 4,70,-17, 18,82,-17, 20,49,26, 15,61,29, 26,73,28, 19,35,7, 8,48,-1, 12,54,-9, 4,70,-17, 18,82,-17, 20,49,26, 15,61,27, 26,73,32, 19,35,11, 8,48,3, 12,54,-5, 4,70,-13, 18,82,-17, 20,49,27, 15,61,26, 26,73,29, 19,35,15, 8,48,7, 12,54,-1, 4,70,-9, 18,82,-17, 20,49,29, 15,61,26, 26,73,27, 19,35,19, 8,48,11, 12,54,3, 4,70,-5, 18,82,-13, 20,49,32, 15,61,27, 26,73,26, 19,35,16, 8,48,15, 12,54,7, 4,70,-1, 18,82,-9, 20,49,31, 15,61,29, 26,73,26, 19,35,14, 8,48,19, 12,54,11, 4,70,3, 18,82,-5, 20,49,32, 15,61,32, 26,73,27, 19,35,13, 8,48,16, 12,54,15, 4,70,7, 18,82,-1, 20,49,32, 15,61,31, 26,73,29, 19,35,13, 8,48,14, 12,54,19, 4,70,11, 18,82,3, 20,49,32, 15,61,32, 26,73,32, 19,35,14, 8,48,13, 12,54,16, 4,70,15, 18,82,7, 20,49,32, 15,61,32, 26,73,31, 19,35,16, 8,48,13, 12,54,14, 4,70,19, 18,82,11, 20,49,32, 15,61,32, 26,73,32, 19,35,19, 8,48,14, 12,54,13, 4,70,16, 18,82,15, 20,49,32, 15,61,32, 26,73,32, 19,35,18, 8,48,16, 12,54,13, 4,70,14, 18,82,19, 20,49,32, 15,61,32, 26,73,32, 19,35,19, 8,48,19, 12,54,14, 4,70,13, 18,82,16, 20,49,32, 15,61,32, 26,73,32, 19,35,19, 8,48,18, 12,54,16, 4,70,13, 18,82,14, 20,49,32, 15,61,32, 26,73,32, 19,35,19, 8,48,19, 12,54,19, 4,70,14, 18,82,13, 20,49,32, 15,61,32, 26,73,32, 19,35,19, 8,48,19, 12,54,18, 4,70,16, 18,82,13, 20,49,32, 15,61,32, 26,73,32, 19,35,19, 8,48,19, 12,54,19, 4,70,19, 18,82,14, 20,49,32, 15,61,32, 26,73,32, 19,35,19, 8,48,19, 12,54,19, 4,70,18, 18,82,16, 20,49,32, 15,61,32, 26,73,32, 19,35,19, 8,48,19, 12,54,19, 4,70,19, 18,82,19, 20,49,32, 15,61,32, 26,73,32, 19,35,19, 8,48,19, 12,54,19, 4,70,19, 18,82,18, 20,49,32, 15,61,32, 26,73,32, 19,35,19, 8,48,19, 12,54,19, 4,70,19, 18,82,19,};

namespace_end 

namespace Images

    uint24_t TreeImages[] = { Tree1, Tree4, Tree3, Tree2, Tree5, Tree6, Tree7, Tree8 };

namespace_end 


savesection  // Anything below here will be stored in the save block

uint16_t 0xFFFF // Save state  end marker
